5114.96392059
3378.46476941
3336.07313947
3321.07681636
3314.82206924
3311.9923119
3310.01886371
3308.22374881
3306.81320798
3305.60952179
3304.38029019
3303.24545568
3302.30781839
3301.243952
3299.95637566
3298.77418812
3297.63109703
3296.49161679
3295.11129947
3294.10589657
3293.18215656
3292.22035202
3291.35503982
3290.54419166
3289.68063935
3288.84471038
3287.93583439
3286.81371666
3285.75771263
3284.77259039
3283.77319553
3282.98356628
3282.34595444
3281.76444272
3281.14689344
3280.34170838
3279.58018102
3278.80573491
3277.9717399
3277.12547791
3276.22103528
3275.36339745
3274.49949723
3273.66834004
3272.88975764
3272.10968588
3271.20916637
3270.26089512
3269.2602024
3268.24022652
3267.24447156
3266.15717891
3265.11562966
3264.09645474
3263.10678415
3262.17405097
3261.24269022
3260.24197749
3259.21770939
3258.21872025
3257.21365814
3256.14783975
3255.07114015
3253.95694354
3252.82012061
3251.74546935
3250.68451973
3249.66129176
3248.70073351
3247.79195239
3246.95679073
3246.21969935
3245.51207638
3244.76825233
3244.01399188
3243.24587537
3242.48283094
3241.71482665
3240.90414524
3240.06884623
3239.2161162
3238.39444623
3237.54683299
3236.64086261
3235.71735019
3234.7338854
3233.77110747
3232.74569866
3231.69231302
3230.68223382
3229.65408498
3228.67416712
3227.73050549
3226.77238191
3225.84598007
3224.90789993
3223.93891712
3222.97023299
3222.00328229
3221.01682062
3219.99573444
3218.98233768
3217.96397433
3217.02014452
3216.10645137
3215.26301316
3214.46094201
3213.69225371
3212.97453282
3212.37486606
3211.88183289
3211.43154754
3210.97675943
3210.54908169
3210.13502517
3209.73531676
3209.36218171
3208.99514668
3208.66323696
3208.39128699
3208.12054437
3207.90388395
3207.68129653
3207.41962813
3207.23391386
3207.10962751
3207.00701309
3206.91310546
3206.76792077
3206.617873
3206.50512523
3206.40682189
3206.30562406
3206.15769083
3205.98896221
3205.793855
3205.59259045
3205.40111852
3205.14860068
3204.8188681
3204.40861263
3203.98272656
3203.70308847
3203.99074546
